object Form53: TForm53
  Left = 0
  Top = 0
  Caption = 'Form53'
  ClientHeight = 480
  ClientWidth = 640
  FormFactor.Width = 320
  FormFactor.Height = 480
  FormFactor.Devices = [Desktop]
  DesignerMasterStyle = 0
  object Grid1: TGrid
    CanFocus = True
    ClipChildren = True
    Position.X = 168.000000000000000000
    Position.Y = 144.000000000000000000
    TabOrder = 1
    Viewport.Width = 196.000000000000000000
    Viewport.Height = 75.000000000000000000
  end
end
